0
25
50
75
100
100
75
50
25
0
100
75
50
25
0
25
50
75
100
0
25
50
75
100
100
75
50
25
0
100
75
50
25
0
25
50
75
100
0
25
50
75
100
100
75
50
25
0
100
75
50
25
0
25
50
75
100
0
25
50
75
100
100
75
50
25
0
100
75
50
25
0
25
50
75
100
0
25
50
75
100
100
75
50
25
0
100
75
50
25
0
25
50
75
100
0
25
50
75
100
100
75
50
25
0
100
75
50
25
0
25
50
75
100
0
25
50
75
100
100
75
50
25
0
100
75
50
25
0
25
50
75
100
0
25
50
75
100
100
75
50
25
0
100
75
50
25
0
25
50
75
100
0
25
50
75
100
100
75
50
25
0
100
75
50
25
0
25
50
75
100
0
25
50
75
100
100
75
50
25
0
100
75
50
25
0
25
50
75
100